    1 7
    2 97
    3 16057
    4 19417
    5 43777
    6 1091257
    7 1615837
    8 1954357
    9 2822707
    10 2839927
    11 3243337
    12 3400207
    13 6005887
    14 6503587
    15 7187767
    16 7641367
    17 8061997
    18 8741137
    19 10526557
    20 11086837
    21 11664547
    22 14520547
    23 14812867
    24 14834707
    25 14856757
    26 16025827
    27 16094707
    28 18916477
    29 19197247
    30 19634047
    31 19800367
    32 20112217
    33 20247037
    34 21321187
    35 21850177
    36 22587277
    37 24786397
    38 25009417
    39 25524127
    40 27305557
    41 29153557
    42 31563937
    43 31875577
    44 32836747
    45 33575947
    46 36319177
    47 36985297
    48 37055647
    49 40660717
    50 41214067
    51 41763427
    52 41927437
    53 44842867
    54 45974557
    55 47204737
    56 48660247
    57 49157737
    58 50685907
    59 50943787
    60 51255637
    61 53204857
    62 53266387
    63 55057897
    64 56431927
    65 57812467
    66 59877397
    67 61052347
    68 62757967
    69 63655717
    70 65689567
    71 67022227
    72 69296317
    73 72610117
    74 74283607
    75 74390077
    76 75085597
    77 76150507
    78 79413067
    79 82984537
    80 87423097
    81 89483827
    82 94752727
    83 112710877
    84 114405997
    85 114812767
    86 115198537
    87 115921567
    88 119279257
    89 119732017
    90 123821767
    91 124160077
    92 125847847
    93 130278007
    94 131118847
    95 132842107
    96 135941077
    97 140124697
    98 146022127
    99 149620057
    100 150733477
    101 151048477
    102 151659367
    103 151848787
    104 151946227
    105 152574547
    106 153090517
    107 153514717
    108 154597897
    109 155011387
    110 156896137
    111 163893127
    112 164221147
    113 164564497
    114 165601477
    115 166000057
    116 175258537
    117 176919637
    118 180646717
    119 184706437
    120 185938927
    121 187315477
    122 188722477
    123 190504747
    124 191128027
    125 204332407
    126 205137337
    127 205216717
    128 209823067
    129 213861997
    130 214187917
    131 215989717
    132 221389027
    133 222762637
    134 223136647
    135 223789117
    136 225443077
    137 226901107
    138 228667837
    139 234929407
    140 236608777
    141 238523557
    142 240293227
    143 243857347
    144 246843127
    145 248834137
    146 253746667
    147 257699077
    148 258145747
    149 260708797
    150 273649627
    151 276244597
    152 277682677
    153 278340187
    154 279328447
    155 288004807
    156 290181247
    157 294430177
    158 296095687
    159 298713967
    160 300466417
    161 313106737
    162 316650277
    163 323301607
    164 324805837
    165 327160777
    166 329549317
    167 335699587
    168 338861977
    169 339484417
    170 344941687
    171 358413817
    172 359772307
    173 360054127
    174 360876067
    175 361361587
    176 363720937
    177 372791047
    178 373434697
    179 381674467
    180 403629757
    181 404941627
    182 411454777
    183 411634117
    184 411746047
    185 412633927
    186 414572227
    187 417397147
    188 417962257
    189 419208607
    190 429747667
    191 434056027
    192 434863057
    193 441950137
    194 450614107
    195 451556377
    196 454544257
    197 462926407
    198 466193797
    199 474190807
    200 474225667
    201 481326397
    202 487027897
    203 489846937
    204 494319097
    205 495303157
    206 495588547
    207 507420367
    208 508055407
    209 511015777
    210 516518407
    211 519696757
    212 538281967
    213 541937647
    214 542460547
    215 545170177
    216 554504047
    217 555319477
    218 561116317
    219 562887037
    220 563069317
    221 563681467
    222 565204807
    223 569347057
    224 570197977
    225 572792317
    226 578791387
    227 579276277
    228 586313587
    229 587191597
    230 591130357
    231 591535657
    232 591914497
    233 599142277
    234 600976417
    235 600998677
    236 602699677
    237 603324637
    238 604313527
    239 609735937
    240 611984827
    241 615240667
    242 615306397
    243 616299907
    244 631585177
    245 631751707
    246 646616137
    247 656317297
    248 660329767
    249 667624537
    250 674084767
    251 677637127
    252 682324537
    253 682478887
    254 682715977
    255 683689537
    256 687979207
    257 699234577
    258 707326507
    259 710591587
    260 711574597
    261 714435427
    262 715571947
    263 722076907
    264 725565427
    265 729562567
    266 742987237
    267 751027087
    268 751751167
    269 759297937
    270 762112987
    271 763502557
    272 771517837
    273 776447797
    274 780885097
    275 787985827
    276 794929897
    277 796908517
    278 809895127
    279 817097917
    280 822943477
    281 823145497
    282 823568017
    283 838112827
    284 841897867
    285 844501237
    286 854248387
    287 858033427
    288 862920337
    289 868339177
    290 870132157
    291 870231487
    292 872922217
    293 887895637
    294 889753297
    295 895397677
    296 907438657
    297 907907167
    298 910537207
    299 912786307
    300 918492007
    301 918649087
    302 919496437
    303 926463397
    304 933449047
    305 937630147
    306 941357227
    307 954965647
    308 957236167
    309 962551687
    310 966397837
    311 972066367
    312 974334997
    313 979662907
    314 981328627
    315 982936387
    316 983290657
    317 984491857
    318 1002054787
    319 1002248827
    320 1008571507
    321 1017249127
    322 1017630067
    323 1022665867
    324 1024591147
    325 1028314867
    326 1032171727
    327 1039275817
    328 1039410007
    329 1040321197
    330 1041074257
    331 1042652197
    332 1042709947
    333 1049565607
    334 1053347287
    335 1055142157
    336 1056605647
    337 1061494657
    338 1061859427
    339 1070307517
    340 1075624717
    341 1078510327
    342 1079342977
    343 1089330367
    344 1097891017
    345 1102078837
    346 1109341687
    347 1112588287
    348 1114962127
    349 1121630677
    350 1121852857
    351 1127582707
    352 1131323647
    353 1133390887
    354 1134148567
    355 1136784277
    356 1138950217
    357 1139884507
    358 1140631897
    359 1141694497
    360 1146474727
    361 1149538207
    362 1150140907
    363 1150877587
    364 1166795797
    365 1170340807
    366 1170706627
    367 1171622857
    368 1175228767
    369 1176995917
    370 1181915167
    371 1187684077
    372 1191535057
    373 1191995797
    374 1203463897
    375 1213608157
    376 1214790667
    377 1215988507
    378 1216572937
    379 1217986657
    380 1219284877
    381 1220877517
    382 1227427837
    383 1233468487
    384 1237558237
    385 1238775817
    386 1239941107
    387 1243320427
    388 1244819617
    389 1252289317
    390 1266460957
    391 1273334467
    392 1275259747
    393 1275851107
    394 1282466737
    395 1285729717
    396 1285825897
    397 1286807437
    398 1287544327
    399 1296408847
    400 1296968077
    401 1313864467
    402 1314853357
    403 1316136457
    404 1317634387
    405 1319780167
    406 1324341367
    407 1328809117
    408 1332348877
    409 1335952687
    410 1343141197
    411 1343203777
    412 1352139067
    413 1356784057
    414 1370138587
    415 1373905987
    416 1377838867
    417 1380689407
    418 1382013037
    419 1385146657
    420 1391341867
    421 1396546507
    422 1399627627
    423 1404151027
    424 1409332357
    425 1411369777
    426 1411949167
    427 1415950297
    428 1417713877
    429 1419070057
    430 1426839847
    431 1428677347
    432 1430297497
    433 1430571547
    434 1437391507
    435 1438486867
    436 1442654947
    437 1448979937
    438 1454384287
    439 1456907857
    440 1464975427
    441 1474761637
    442 1481266597
    443 1486616767
    444 1487080027
    445 1487988907
    446 1492960867
    447 1495515937
    448 1496431747
    449 1500426787
    450 1503798337
    451 1511101507
    452 1512942787
    453 1513786987
    454 1525898317
    455 1530077947
    456 1538999587
    457 1542684877
    458 1550468737
    459 1551439777
    460 1557032287
    461 1569747997
    462 1593658597
    463 1613552527
    464 1616765317
    465 1622559217
    466 1624796347
    467 1625326597
    468 1628753377
    469 1638495487
    470 1647339427
    471 1653593857
    472 1656107347
    473 1666799077
    474 1669486447
    475 1674508597
    476 1678779997
    477 1683517597
    478 1700985817
    479 1702266607
    480 1705109167
    481 1709465827
    482 1713585817
    483 1715351497
    484 1721341747
    485 1729287727
    486 1731229597
    487 1731633847
    488 1740969397
    489 1740989137
    490 1741715527
    491 1741748077
    492 1742804797
    493 1744485637
    494 1746336997
    495 1746342457
    496 1747567177
    497 1752182347
    498 1768240417
    499 1768535047
    500 1787252557
    501 1788120277
    502 1789459027
    503 1791698257
    504 1806564157
    505 1817470927
    506 1818084337
    507 1820729497
    508 1825635937
    509 1831775707
    510 1838705497
    511 1852717117
    512 1857762157
    513 1870992577
    514 1873063597
    515 1885835587
    516 1886522497
    517 1889998207
    518 1901532037
    519 1903822507
    520 1910412937
    521 1912416757
    522 1916723437
    523 1917262927
    524 1923863647
    525 1924344337
    526 1925531887
    527 1926245677
    528 1938649117
    529 1950513277
    530 1958011327
    531 1965818077
    532 1974197497
    533 1993201027
    534 1994717437
    535 2000525617
    536 2019957337
    537 2057241997
    538 2058214507
    539 2073929437
    540 2076623947
    541 2076916477
    542 2092460467
    543 2092932757
    544 2112588757
    545 2117786257
    546 2131756717
    547 2139006967
    548 2142129877
    549 2150622697
    550 2157827797
    551 2161030507
    552 2162244307
    553 2169562387
    554 2176842247
    555 2183874097
    556 2188932997
    557 2200746127
    558 2203276627
    559 2205797047
    560 2219617987
    561 2248024057
    562 2248744777
    563 2254764427
    564 2269547167
    565 2269947847
    566 2278911907
    567 2288938777
    568 2292189787
    569 2292298357
    570 2299088497
    571 2299224787
    572 2300067937
    573 2302172767
    574 2310186157
    575 2315429647
    576 2319738007
    577 2344968667
    578 2346623677
    579 2350360417
    580 2363112877
    581 2364798967
    582 2369488477
    583 2371905577
    584 2383699597
    585 2384022997
    586 2384907517
    587 2385521767
    588 2393282527
    589 2404425967
    590 2418144007
    591 2427206137
    592 2432457607
    593 2435288407
    594 2436277297
    595 2450182447
    596 2454908707
    597 2454968557
    598 2461957567
    599 2462301757
    600 2462778667
    601 2471908837
    602 2480521777
    603 2486133817
    604 2499455587
    605 2508327457
    606 2515746967
    607 2522705947
    608 2524947697
    609 2531615617
    610 2534808037
    611 2539584907
    612 2549407027
    613 2557350067
    614 2560011187
    615 2562055747
    616 2582639947
    617 2603639317
    618 2622798457
    619 2628849397
    620 2635636177
    621 2644779997
    622 2649170467
    623 2662721767
    624 2681678887
    625 2683164217
    626 2686452397
    627 2686926367
    628 2691510457
    629 2693524567
    630 2721007687
    631 2722151347
    632 2735320657
    633 2747062387
    634 2752385887
    635 2762499907
    636 2768577727
    637 2774441557
    638 2782295557
    639 2782534747
    640 2789276587
    641 2794398697
    642 2804111197
    643 2805528487
    644 2809643647
    645 2833341097
    646 2837709307
    647 2839004797
    648 2840883037
    649 2844149167
    650 2844358327
    651 2855350357
    652 2855809207
    653 2857084327
    654 2859875647
    655 2859878377
    656 2872789807
    657 2889959197
    658 2914658557
    659 2916517057
    660 2922375217
    661 2925412657
    662 2932196077
    663 2938968157
    664 2939404537
    665 2940902677
    666 2941036447
    667 2958322177
    668 2969718877
    669 2971112857
    670 2976860137
    671 2984329207
    672 2984523457
    673 2985418477
    674 3005129707
    675 3005758027
    676 3005799607
    677 3020349457
    678 3024973867
    679 3028738117
    680 3045618127
    681 3047193967
    682 3051315847
    683 3076177537
    684 3082653517
    685 3111683287
    686 3116390857
    687 3116657767
    688 3121060837
    689 3134711677
    690 3147220117
    691 3148524007
    692 3149953897
    693 3165542197
    694 3173582047
    695 3174374377
    696 3177611527
    697 3179770537
    698 3181364437
    699 3184130347
    700 3185648017
    701 3188752657
    702 3192449077
    703 3194073007
    704 3201967117
    705 3216775267
    706 3222140557
    707 3226150507
    708 3226474957
    709 3233180047
    710 3240440377
    711 3251282467
    712 3268883197
    713 3272554837
    714 3304653757
    715 3314854717
    716 3316999237
    717 3324288547
    718 3327095407
    719 3327370087
    720 3336948607
    721 3339701917
    722 3350493397
    723 3354580627
    724 3356069527
    725 3364056247
    726 3367835827
    727 3367876147
    728 3368629207
    729 3390288817
    730 3395186017
    731 3396427747
    732 3400601917
    733 3408027517
    734 3412052377
    735 3413660347
    736 3429532147
    737 3431421937
    738 3432234847
    739 3442851817
    740 3445377487
    741 3457078897
    742 3457287007
    743 3470474587
    744 3478099057
    745 3479682457
    746 3481880107
    747 3494482627
    748 3506070847
    749 3524329087
    750 3532174897
    751 3537025897
    752 3546568297
    753 3551356087
    754 3579215527
    755 3602417167
    756 3617172187
    757 3633568567
    758 3645085387
    759 3645136207
    760 3646488397
    761 3649312477
    762 3649317307
    763 3663112627
    764 3664745797
    765 3675106147
    766 3683813587
    767 3685923877
    768 3687009367
    769 3689782627
    770 3691694257
    771 3696461047
    772 3704502157
    773 3705174367
    774 3724959517
    775 3737909167
    776 3747359167
    777 3752911567
    778 3753317917
    779 3754831177
    780 3761439037
    781 3764670727
    782 3764751577
    783 3774012367
    784 3775303447
    785 3777812317
    786 3781235737
    787 3784522447
    788 3794028097
    789 3810319687
    790 3811490857
    791 3813889897
    792 3814600957
    793 3815905267
    794 3818366257
    795 3823998247
    796 3830105677
    797 3830747017
    798 3843903517
    799 3845259697
    800 3846952507
    801 3851169727
    802 3873577567
    803 3883347817
    804 3887425177
    805 3902150167
    806 3910925647
    807 3926451157
    808 3926606137
    809 3930254677
    810 3934825327
    811 3935301187
    812 3935493967
    813 3936460387
    814 3937255447
    815 3939572167
    816 3947577577
    817 3949495717
    818 3951118807
    819 3957728767
    820 3958564777
    821 3960814927
    822 3964910767
    823 3968892787
    824 3973811197
    825 3975459067
    826 3975930307
    827 3976699537
    828 3979977637
    829 3980202757
    830 3989801857
    831 3997962247
    832 3998232307
    833 3998592667
    834 4000080517
    835 4004802157
    836 4006292107
    837 4008144727
    838 4034294977
    839 4035708487
    840 4039428847
    841 4042949077
    842 4051712377
    843 4077909877
    844 4080784987
    845 4083334807
    846 4090075387
    847 4100483197
    848 4103644537
    849 4104044377
    850 4105148137
    851 4111631257
    852 4113025447
    853 4119540697
    854 4121291887
    855 4125431197
    856 4126414207
    857 4132426927
    858 4140656407
    859 4153834117
    860 4157688247
    861 4158936697
    862 4172358007
    863 4202451427
    864 4209142027
    865 4209975937
    866 4230098767
    867 4236714397
    868 4240209427
    869 4240919857
    870 4247867077
    871 4250372167
    872 4252810267
    873 4259861647
    874 4268991817
    875 4269957397
    876 4272360217
    877 4273282957
    878 4274855017
    879 4284169777
    880 4299271507
    881 4309281787
    882 4322743417
    883 4332468727
    884 4334882257
    885 4347247897
    886 4347905197
    887 4349953957
    888 4360534807
    889 4362570337
    890 4366832287
    891 4376872387
    892 4382930467
    893 4389513757
    894 4396278697
    895 4403270227
    896 4404831787
    897 4421911717
    898 4424436547
    899 4434207637
    900 4434652627
    901 4446001657
    902 4452523837
    903 4453566697
    904 4455691057
    905 4457029387
    906 4461473827
    907 4462633447
    908 4462826227
    909 4470541627
    910 4487426677
    911 4493182147
    912 4495974937
    913 4511314387
    914 4519321897
    915 4519989697
    916 4521673687
    917 4523633827
    918 4524591427
    919 4554063247
    920 4560973507
    921 4563082957
    922 4573489507
    923 4575857047
    924 4587951997
    925 4597194727
    926 4599296827
    927 4601075107
    928 4609340287
    929 4611502447
    930 4615445827
    931 4619102767
    932 4623473287
    933 4647124117
    934 4655225287
    935 4660202077
    936 4664527447
    937 4673189107
    938 4679508007
    939 4683096277
    940 4691798467
    941 4696778617
    942 4699988467
    943 4712979907
    944 4714825387
    945 4718145067
    946 4728229267
    947 4729199467
    948 4734551737
    949 4737406897
    950 4740733087
    951 4760662717
    952 4762374427
    953 4765258777
    954 4769574907
    955 4779206557
    956 4784546017
    957 4785556327
    958 4795390417
    959 4797418387
    960 4804123057
    961 4820101537
    962 4836333907
    963 4841054077
    964 4853033947
    965 4854133507
    966 4863634327
    967 4881804787
    968 4889684197
    969 4890729577
    970 4892800807
    971 4904838217
    972 4905113947
    973 4905444277
    974 4919719237
    975 4921606507
    976 4922531347
    977 4922785447
    978 4925715787
    979 4929617587
    980 4940597017
    981 4942565977
    982 4949356327
    983 4954029247
    984 4964635927
    985 4964761927
    986 4984799707
    987 4986905377
    988 4988291377
    989 4993068247
    990 4998765127
    991 5001260977
    992 5003902357
    993 5018463337
    994 5022165217
    995 5028375757
    996 5029707577
    997 5038368607
    998 5044379437
    999 5047680217
    1000 5054057077
    1001 5062465477
    1002 5067758737
    1003 5077020577
    1004 5079062617
    1005 5080662397
    1006 5085206377
    1007 5090413957
    1008 5100663427
    1009 5101520857
    1010 5115782587
    1011 5121946927
    1012 5137210147
    1013 5140760617
    1014 5147235547
    1015 5147681167
    1016 5149626397
    1017 5150497477
    1018 5154217417
    1019 5159178247
    1020 5159684347
    1021 5175913147
    1022 5179399987
    1023 5180226967
    1024 5182339567
    1025 5197110547
    1026 5201424577
    1027 5233950427
    1028 5241015877
    1029 5257297807
    1030 5259964597
    1031 5267250337
    1032 5278293187
    1033 5286396667
    1034 5287354477
    1035 5288131477
    1036 5299166767
    1037 5316752797
    1038 5317048267
    1039 5330619517
    1040 5331414157
    1041 5339624107
    1042 5359860547
    1043 5370010687
    1044 5380581457
    1045 5383245937
    1046 5386350367
    1047 5395972987
    1048 5396687827
    1049 5399729887
    1050 5400057067
    1051 5419822687
    1052 5434058797
    1053 5434777627
    1054 5435952157
    1055 5438589967
    1056 5456835817
    1057 5460379357
    1058 5463317257
    1059 5465602267
    1060 5466536347
    1061 5472070057
    1062 5480412517
    1063 5489439997
    1064 5502889027
    1065 5503101547
    1066 5512252297
    1067 5538455047
    1068 5539744027
    1069 5546022187
    1070 5554782967
    1071 5555734897
    1072 5570108767
    1073 5572533217
    1074 5582456767
    1075 5601357397
    1076 5604138637
    1077 5607760507
    1078 5620330477
    1079 5620990927
    1080 5623575817
    1081 5637215527
    1082 5647609057
    1083 5656803067
    1084 5680338607
    1085 5687626657
    1086 5698428007
    1087 5702276677
    1088 5705158087
    1089 5735965507
    1090 5763023797
    1091 5765974927
    1092 5778007507
    1093 5781063637
    1094 5791539487
    1095 5806705897
    1096 5821509637
    1097 5824770307
    1098 5849451187
    1099 5853971857
    1100 5857595197
    1101 5863162297
    1102 5863515937
    1103 5864527297
    1104 5869640587
    1105 5892947647
    1106 5933145847
    1107 5942052157
    1108 5946121537
    1109 5947293757
    1110 5975250637
    1111 5983254367
    1112 5984113687
    1113 6001958857
    1114 6005063497
    1115 6011721967
    1116 6012111097
    1117 6013381597
    1118 6016815517
    1119 6019226947
    1120 6027427447
    1121 6038912977
    1122 6044790877
    1123 6051325867
    1124 6064053757
    1125 6070754857
    1126 6074593237
    1127 6098980957
    1128 6105617587
    1129 6144469687
    1130 6148802827
    1131 6152939197
    1132 6157241257
    1133 6162526957
    1134 6173884807
    1135 6174870337
    1136 6186953947
    1137 6207436507
    1138 6231276757
    1139 6232800307
    1140 6233921917
    1141 6237305017
    1142 6244554847
    1143 6255153127
    1144 6260835937
    1145 6279431437
    1146 6300834637
    1147 6302108707
    1148 6309788197
    1149 6310265317
    1150 6311776057
    1151 6315150547
    1152 6324873547
    1153 6326193607
    1154 6353482687
    1155 6362038087
    1156 6363634087
    1157 6366366817
    1158 6373715977
    1159 6376411747
    1160 6395038537
    1161 6399438037
    1162 6407756347
    1163 6409226557
    1164 6410396887
    1165 6425494627
    1166 6429333007
    1167 6441399187
    1168 6448257577
    1169 6456043327
    1170 6465448387
    1171 6475921087
    1172 6501482077
    1173 6502369327
    1174 6502833427
    1175 6523796677
    1176 6525704737
    1177 6538809367
    1178 6540834397
    1179 6546980257
    1180 6571707547
    1181 6584786557
    1182 6602480317
    1183 6605134297
    1184 6607181167
    1185 6617806957
    1186 6619153897
    1187 6620502517
    1188 6621852817
    1189 6632355547
    1190 6638606407
    1191 6639733267
    1192 6641073067
    1193 6645532627
    1194 6663431767
    1195 6673580857
    1196 6674137567
    1197 6680812207
    1198 6685586767
    1199 6686276407
    1200 6700381267
    1201 6702522637
    1202 6719292397
    1203 6722739967
    1204 6728916907
    1205 6732800017
    1206 6733446817
    1207 6740868847
    1208 6747199087
    1209 6752079277
    1210 6759471067
    1211 6767953597
    1212 6778868137
    1213 6781150627
    1214 6793851007
    1215 6797589427
    1216 6860027887
    1217 6889756327
    1218 6909262177
    1219 6911664577
    1220 6915081907
    1221 6916495627
    1222 6918141397
    1223 6921614587
    1224 6934779487
    1225 6941306287
    1226 6941368867
    1227 6953276497
    1228 6982032637
    1229 6982735927
    1230 6993456637
    1231 6993880837
    1232 7008663367
    1233 7031524387
    1234 7033181917
    1235 7036639777
    1236 7042551277
    1237 7053132337
    1238 7058149447
    1239 7061641117
    1240 7085592247
    1241 7086762577
    1242 7110155947
    1243 7136095777
    1244 7138866727
    1245 7163639377
    1246 7168304317
    1247 7170735487
    1248 7198739407
    1249 7210987237
    1250 7212562447
    1251 7213349317
    1252 7222149367
    1253 7223948647
    1254 7228739587
    1255 7236387787
    1256 7254002797
    1257 7254221197
    1258 7276820137
    1259 7280498497
    1260 7310816407
    1261 7320125707
    1262 7325666977
    1263 7335708547
    1264 7336959517
    1265 7352888437
    1266 7353502687
    1267 7355179957
    1268 7368846757
    1269 7376036737
    1270 7381546087
    1271 7381750627
    1272 7381856887
    1273 7382442157
    1274 7384029547
    1275 7398762727
    1276 7399880557
    1277 7403192887
    1278 7441193857
    1279 7448843317
    1280 7452340657
    1281 7454895307
    1282 7463786497
    1283 7478884867
    1284 7489055797
    1285 7500999757
    1286 7508747287
    1287 7515858517
    1288 7518716197
    1289 7522959667
    1290 7524017857
    1291 7531049287
    1292 7532570317
    1293 7532691697
    1294 7549744327
    1295 7553989897
    1296 7565985517
    1297 7570394467
    1298 7570666837
    1299 7571992777
    1300 7578593917
    1301 7584474757
    1302 7586522887
    1303 7596656647
    1304 7611141817
    1305 7624761367
    1306 7628439097
    1307 7628498947
    1308 7629919387
    1309 7652583217
    1310 7665456427
    1311 7665701497
    1312 7671276787
    1313 7684386877
    1314 7684502587
    1315 7685361907
    1316 7688283007
    1317 7701288307
    1318 7706824117
    1319 7706900557
    1320 7708706557
    1321 7709751937
    1322 7714696387
    1323 7717385227
    1324 7719491947
    1325 7722724897
    1326 7735456357
    1327 7735759387
    1328 7738310467
    1329 7749058897
    1330 7757234197
    1331 7757736517
    1332 7759205887
    1333 7759678177
    1334 7767325117
    1335 7769289877
    1336 7769910007
    1337 7777286047
    1338 7796192137
    1339 7799077537
    1340 7810519807
    1341 7829939977
    1342 7833107197
    1343 7855629907
    1344 7859615497
    1345 7862362087
    1346 7870654147
    1347 7876174837
    1348 7886181757
    1349 7902348397
    1350 7904630677
    1351 7916475097
    1352 7917357727
    1353 7927451167
    1354 7934906797
    1355 7950213907
    1356 7950574267
    1357 7960999087
    1358 7969600267
    1359 7977231667
    1360 7979609497
    1361 7989890257
    1362 7991681767
    1363 7993841407
    1364 8008375087
    1365 8013016717
    1366 8044508107
    1367 8062991467
    1368 8066538367
    1369 8067133507
    1370 8073453667
    1371 8074266367
    1372 8085374107
    1373 8087065027
    1374 8088825457
    1375 8094049417
    1376 8094962917
    1377 8106077797
    1378 8115675847
    1379 8124578377
    1380 8125403047
    1381 8129986087
    1382 8138897857
    1383 8144527747
    1384 8145056317
    1385 8149792237
    1386 8174011117
    1387 8178247657
    1388 8181891787
    1389 8196034657
    1390 8210597947
    1391 8211701077
    1392 8241897397
    1393 8260326787
    1394 8270010097
    1395 8289409477
    1396 8295315097
    1397 8295547357
    1398 8300787487
    1399 8308474117
    1400 8309931727
    1401 8329644217
    1402 8334519367
    1403 8335533457
    1404 8341545337
    1405 8355405337
    1406 8356732327
    1407 8359134517
    1408 8360627827
    1409 8368935007
    1410 8371105147
    1411 8379045667
    1412 8380323307
    1413 8380423687
    1414 8386409947
    1415 8389246417
    1416 8396049787
    1417 8398391917
    1418 8402239117
    1419 8406099337
    1420 8413333207
    1421 8415659167
    1422 8423206147
    1423 8426275717
    1424 8429260237
    1425 8462176897
    1426 8470900717
    1427 8489046817
    1428 8493009517
    1429 8500027297
    1430 8500145107
    1431 8501831407
    1432 8503880377
    1433 8504932477
    1434 8511965377
    1435 8516290957
    1436 8520892477
    1437 8521987417
    1438 8525042077
    1439 8526458527
    1440 8544760447
    1441 8551266457
    1442 8553406777
    1443 8560005397
    1444 8599914217
    1445 8602662697
    1446 8607517267
    1447 8622110587
    1448 8667765637
    1449 8669535307
    1450 8678379877
    1451 8683277497
    1452 8684651737
    1453 8685007687
    1454 8697086257
    1455 8704517947
    1456 8715950137
    1457 8731454857
    1458 8737508947
    1459 8737967587
    1460 8753879077
    1461 8772566977
    1462 8775114697
    1463 8777100247
    1464 8782892467
    1465 8789995927
    1466 8793054367
    1467 8803332607
    1468 8810075707
    1469 8825849437
    1470 8826245707
    1471 8828486197
    1472 8850475087
    1473 8851064347
    1474 8883671047
    1475 8891276617
    1476 8910955507
    1477 8916109327
    1478 8927421397
    1479 8931891247
    1480 8934517717
    1481 8938832797
    1482 8944538497
    1483 8946097747
    1484 8963052727
    1485 8969526607
    1486 8982339127
    1487 8982460297
    1488 8996816107
    1489 8998165987
    1490 9003024127
    1491 9004107517
    1492 9006578167
    1493 9017689267
    1494 9040441507
    1495 9042271867
    1496 9043870387
    1497 9052625497
    1498 9080395057
    1499 9083078437
    1500 9085333837
    1501 9105857347
    1502 9133969837
    1503 9135251677
    1504 9135328327
    1505 9140344387
    1506 9143757517
    1507 9145554697
    1508 9166472587
    1509 9174897367
    1510 9181078717
    1511 9186479707
    1512 9195173077
    1513 9213629977
    1514 9215401747
    1515 9229714927
    1516 9235329277
    1517 9245347747
    1518 9253027237
    1519 9262073407
    1520 9267690067
    1521 9269545837
    1522 9274794157
    1523 9275489677
    1524 9281905807
    1525 9289594537
    1526 9289666147
    1527 9294129067
    1528 9303654457
    1529 9309843997
    1530 9310132957
    1531 9313228357
    1532 9313896997
    1533 9316763707
    1534 9335773537
    1535 9338994097
    1536 9342130867
    1537 9361721767
    1538 9362797387
    1539 9374051497
    1540 9381254287
    1541 9385442317
    1542 9393304087
    1543 9393383887
    1544 9422142547
    1545 9422259937
    1546 9431661637
    1547 9447257917
    1548 9464064007
    1549 9466429867
    1550 9469052767
    1551 9473714137
    1552 9485149897
    1553 9490118497
    1554 9493273957
    1555 9505417627
    1556 9524933767
    1557 9543366727
    1558 9544710937
    1559 9551277007
    1560 9553564117
    1561 9567369517
    1562 9570536737
    1563 9570993067
    1564 9572656267
    1565 9577776277
    1566 9583690927
    1567 9583776607
    1568 9589425607
    1569 9599794147
    1570 9607403077
    1571 9608494447
    1572 9616718467
    1573 9635949217
    1574 9647009497
    1575 9650357527
    1576 9650716627
    1577 9655409707
    1578 9659640577
    1579 9672622357
    1580 9677653747
    1581 9693262207
    1582 9701810467
    1583 9718428817
    1584 9723165157
    1585 9743280637
    1586 9748812247
    1587 9767011477
    1588 9799137697
    1589 9800397697
    1590 9809613757
    1591 9813576667
    1592 9816203977
    1593 9821881957
    1594 9827390467
    1595 9833278447
    1596 9847787767
    1597 9863807407
    1598 9865089457
    1599 9878731267
    1600 9913945747
    1601 9918513037
    1602 9921301207
    1603 9922075897
    1604 9927772567
    1605 9943412107
    1606 9944612257
    1607 9954756727
    1608 9961201837
    1609 9966607237
    1610 9981301147
    1611 9982037827
    1612 9992606077
    1613 9997432717
    1614 10010234947
    1615 10013193007
    1616 10027408747
    1617 10029667717
    1618 10040132227
    1619 10044471247
    1620 10049422837
    1621 10069153807
    1622 10074128287
    1623 10084823377
    1624 10087294027
    1625 10087925917
    1626 10092466327
    1627 10096625167
    1628 10099214887
    1629 10114033327
    1630 10116181627
    1631 10121018767
    1632 10125968257
    1633 10126126597
    1634 10134056827
    1635 10140216127
    1636 10143055327
    1637 10156119427
    1638 10178179717
    1639 10178485897
    1640 10202774497
    1641 10206589567
    1642 10212643027
    1643 10215495877
    1644 10227199387
    1645 10231439497
    1646 10242676387
    1647 10250770627
    1648 10272201337
    1649 10279986247
    1650 10291330447
    1651 10297183147
    1652 10312249807
    1653 10319787337
    1654 10321895527
    1655 10322987947
    1656 10323216637
    1657 10371026917
    1658 10373779177
    1659 10376260327
    1660 10378199467
    1661 10385131567
    1662 10400421667
    1663 10403641597
    1664 10410932167
    1665 10416366547
    1666 10424993977
    1667 10430175307
    1668 10441029997
    1669 10455428437
    1670 10457883967
    1671 10475641987
    1672 10490324557
    1673 10495348807
    1674 10496828047
    1675 10516391647
    1676 10519883107
    1677 10522200037
    1678 10522370137
    1679 10531444657
    1680 10537161067
    1681 10541076307
    1682 10550313997
    1683 10555324177
    1684 10561081117
    1685 10579967677
    1686 10592678137
    1687 10592898847
    1688 10613393377
    1689 10617386947
    1690 10620980467
    1691 10626589147
    1692 10633617217
    1693 10634218027
    1694 10648112467
    1695 10652406757
    1696 10657076317
    1697 10662038197
    1698 10669662457
    1699 10675580677
    1700 10722393037
    1701 10726134817
    1702 10727541817
    1703 10734892237
    1704 10736490757
    1705 10740464167
    1706 10744413847
    1707 10745284717
    1708 10754608297
    1709 10758050197
    1710 10786964257
    1711 10806478087
    1712 10806587707
    1713 10807837207
    1714 10809019927
    1715 10822609867
    1716 10828664377
    1717 10830124297
    1718 10834396747
    1719 10838614597
    1720 10844041837
    1721 10849674877
    1722 10872197377
    1723 10883240227
    1724 10898525917
    1725 10912877527
    1726 10923818947
    1727 10933808437
    1728 10957060057
    1729 10973536027
    1730 10973849977
    1731 10974756967
    1732 10981457017
    1733 11001392317
    1734 11020381777
    1735 11024275177
    1736 11025132187
    1737 11029448317
    1738 11055959347
    1739 11079268297
    1740 11079793717
    1741 11082547237
    1742 11102155777
    1743 11102891197
    1744 11106395887
    1745 11108188447
    1746 11117578177
    1747 11126927167
    1748 11130558067
    1749 11133349807
    1750 11142650917
    1751 11173519447
    1752 11175770647
    1753 11193080527
    1754 11230879057
    1755 11266409587
    1756 11267040007
    1757 11275710697
    1758 11285922997
    1759 11288981437
    1760 11292765427
    1761 11297669557
    1762 11313687937
    1763 11342546767
    1764 11343657037
    1765 11371433527
    1766 11376434887
    1767 11383164967
    1768 11384860297
    1769 11390529037
    1770 11405258857
    1771 11413869277
    1772 11416538587
    1773 11416608937
    1774 11421838777
    1775 11433261727
    1776 11458563157
    1777 11469239137
    1778 11472172417
    1779 11476421767
    1780 11488282567
    1781 11494555477
    1782 11500985257
    1783 11501657257
    1784 11510271667
    1785 11522016547
    1786 11535410977
    1787 11541885907
    1788 11569755007
    1789 11577536557
    1790 11595601597
    1791 11596122397
    1792 11607818347
    1793 11609584027
    1794 11611274107
    1795 11613862357
    1796 11651956357
    1797 11653662607
    1798 11658712057
    1799 11691109597
    1800 11699595487
    1801 11711418067
    1802 11714156677
    1803 11730293287
    1804 11735119927
    1805 11736680227
    1806 11741023237
    1807 11744455897
    1808 11749638487
    1809 11783900407
    1810 11792824987
    1811 11799182107
    1812 11799567667
    1813 11810143897
    1814 11810882257
    1815 11824440907
    1816 11824812397
    1817 11828388277
    1818 11829111727
    1819 11832256687
    1820 11862540577
    1821 11878201327
    1822 11886937957
    1823 11888733667
    1824 11893239427
    1825 11895475717
    1826 11897577397
    1827 11919046957
    1828 11922360337
    1829 11936420047
    1830 11955600187
    1831 11962961107
    1832 11981649847
    1833 11988631087
    1834 11990386267
    1835 12007411177
    1836 12008205607
    1837 12018779947
    1838 12026103487
    1839 12028884937
    1840 12041436217
    1841 12045566707
    1842 12087757807
    1843 12088118167
    1844 12102111937
    1845 12115628797
    1846 12135331837
    1847 12137734237
    1848 12149827507
    1849 12157926367
    1850 12157948207
    1851 12179046697
    1852 12186808087
    1853 12187353247
    1854 12199834177
    1855 12200100037
    1856 12200252287
    1857 12208808527
    1858 12213959827
    1859 12226919137
    1860 12229679167
    1861 12243252937
    1862 12244156357
    1863 12244492147
    1864 12250106497
    1865 12253627147
    1866 12263753137
    1867 12267600337
    1868 12277399567
    1869 12279403177
    1870 12288570517
    1871 12297672967
    1872 12306674197
    1873 12323645767
    1874 12327708847
    1875 12336557407
    1876 12340478737
    1877 12345564937
    1878 12348124417
    1879 12353625997
    1880 12355722007
    1881 12368427427
    1882 12380044207
    1883 12393526417
    1884 12403317457
    1885 12420171217
    1886 12420661987
    1887 12427104577
    1888 12431969647
    1889 12444505807
    1890 12451293847
    1891 12456091717
    1892 12456530617
    1893 12460760227
    1894 12464231947
    1895 12481250137
    1896 12487411747
    1897 12497311357
    1898 12509258677
    1899 12532976497
    1900 12545174557
    1901 12545892757
    1902 12553993087
    1903 12555018727
    1904 12563484667
    1905 12563851117
    1906 12569146477
    1907 12591774187
    1908 12594287467
    1909 12596719897
    1910 12596853667
    1911 12600023197
    1912 12601112257
    1913 12609596887
    1914 12617022487
    1915 12625348777
    1916 12625826107
    1917 12645873337
    1918 12647186677
    1919 12651850567
    1920 12677770657
    1921 12686184097
    1922 12686968027
    1923 12690612157
    1924 12692850337
    1925 12702736087
    1926 12706360477
    1927 12708275467
    1928 12709741477
    1929 12736549867
    1930 12751087747
    1931 12762973117
    1932 12771295627
    1933 12778692457
    1934 12785428417
    1935 12788209867
    1936 12792147997
    1937 12797900107
    1938 12804614227
    1939 12808413967
    1940 12818032807
    1941 12820792417
    1942 12835176577
    1943 12841254187
    1944 12842644807
    1945 12844211197
    1946 12846233287
    1947 12850973407
    1948 12859004437
    1949 12868349227
    1950 12880376137
    1951 12887334277
    1952 12892136347
    1953 12892862107
    1954 12900803677
    1955 12913546687
    1956 12929101177
    1957 12945107167
    1958 12956782117
    1959 12969976417
    1960 12986676877
    1961 13007539537
    1962 13008000277
    1963 13028373637
    1964 13034957977
    1965 13063079917
    1966 13071264457
    1967 13072077367
    1968 13085666047
    1969 13088592607
    1970 13100309137
    1971 13109574547
    1972 13112799097
    1973 13114772257
    1974 13117548667
    1975 13120849447
    1976 13135728157
    1977 13155646447
    1978 13158941557
    1979 13194222397
    1980 13228099597
    1981 13229276647
    1982 13236420007
    1983 13253644837
    1984 13267057747
    1985 13270196827
    1986 13278987427
    1987 13294107637
    1988 13302756277
    1989 13320075397
    1990 13327730947
    1991 13345411897
    1992 13350472897
    1993 13361112757
    1994 13370961337
    1995 13375364407
    1996 13380941797
    1997 13382943517
    1998 13392793147
    1999 13400482087
    2000 13408976167
    2001 13418010157
    2002 13423355497
    2003 13428403057
    2004 13429131967
    2005 13455397717
    2006 13455748837
    2007 13464032287
    2008 13476871477
    2009 13492467337
    2010 13496915347
    2011 13502080297
    2012 13503613297
    2013 13534173547
    2014 13587682387
    2015 13610451847
    2016 13616841517
    2017 13620174847
    2018 13630857337
    2019 13637453647
    2020 13652260537
    2021 13680537457
    2022 13680560347
    2023 13716927937
    2024 13722856237
    2025 13743433927
    2026 13745524687
    2027 13749474367
    2028 13755279397
    2029 13756382737
    2030 13760473537
    2031 13761074137
    2032 13765235917
    2033 13770098257
    2034 13775612437
    2035 13793898187
    2036 13802301967
    2037 13823551867
    2038 13834938697
    2039 13847735257
    2040 13887686707
    2041 13897812277
    2042 13908729547
    2043 13911983077
    2044 13926561277
    2045 13927403587
    2046 13933958317
    2047 13951457407
    2048 13967430007
    2049 13969158937
    2050 13976275207
    2051 14007603007
    2052 14016991057
    2053 14020855477
    2054 14022290197
    2055 14028819517
    2056 14034207277
    2057 14039908777
    2058 14047569577
    2059 14047873237
    2060 14048370097
    2061 14112464617
    2062 14116281577
    2063 14128506097
    2064 14131211527
    2065 14131278517
    2066 14139536767
    2067 14169406957
    2068 14174315917
    2069 14174340277
    2070 14176194157
    2071 14205174157
    2072 14208470527
    2073 14212100797
    2074 14226690757
    2075 14238490027
    2076 14245232707
    2077 14268706087
    2078 14275931767
    2079 14283329227
    2080 14289076507
    2081 14291877487
    2082 14292603877
    2083 14295653077
    2084 14299260247
    2085 14308047487
    2086 14316208717
    2087 14331938977
    2088 14332909177
    2089 14336381947
    2090 14336970997
    2091 14356881937
    2092 14388729067
    2093 14421271087
    2094 14433602917
    2095 14443597027
    2096 14446365667
    2097 14456066617
    2098 14458483927
    2099 14466914587
    2100 14472213307
    2101 14477367337
    2102 14484752407
    2103 14498785657
    2104 14516936167
    2105 14519810017
    2106 14525584807
    2107 14534569447
    2108 14546987167
    2109 14548565947
    2110 14551585327
    2111 14553398677
    2112 14555622997
    2113 14573845537
    2114 14575724617
    2115 14600586097
    2116 14600723227
    2117 14608161427
    2118 14608459417
    2119 14613897157
    2120 14614169737
    2121 14627643127
    2122 14630447467
    2123 14648059957
    2124 14658518587
    2125 14677747027
    2126 14683975837
    2127 14703442207
    2128 14707828897
    2129 14711186587
    2130 14717210857
    2131 14722996357
    2132 14726848387
    2133 14755165417
    2134 14777145277
    2135 14788341847
    2136 14788837237
    2137 14806764097
    2138 14808557707
    2139 14810089027
    2140 14824487257
    2141 14864757487
    2142 14870861557
    2143 14903440957
    2144 14914737907
    2145 14918475277
    2146 14919863587
    2147 14921458957
    2148 14928407437
    2149 14928481147
    2150 14931117907
    2151 14947222177
    2152 14948727247
    2153 14954713717
    2154 14980457197
    2155 14993416297
    2156 14996359657
    2157 14999307217
    2158 15001422967
    2159 15003987277
    2160 15030429847
    2161 15036788017
    2162 15047822677
    2163 15057276457
    2164 15061813297
    2165 15063654367
    2166 15065130247
    2167 15068632207
    2168 15075243637
    2169 15103492837
    2170 15114705157
    2171 15118443157
    2172 15121685977
    2173 15124503337
    2174 15129748087
    2175 15164509177
    2176 15184559557
    2177 15196635397
    2178 15198144877
    2179 15198998527
    2180 15205605967
    2181 15207359257
    2182 15210929467
    2183 15219294187
    2184 15221401747
    2185 15231884947
    2186 15234287347
    2187 15247319947
    2188 15266727517
    2189 15268581607
    2190 15271708087
    2191 15283303027
    2192 15284195737
    2193 15297962497
    2194 15304681027
    2195 15307209007
    2196 15333686647
    2197 15334947907
    2198 15352657417
    2199 15371168707
    2200 15373025737
    2201 15374671717
    2202 15376407577
    2203 15380525257
    2204 15389932627
    2205 15407822527
    2206 15408479617
    2207 15419279917
    2208 15454756897
    2209 15468487747
    2210 15490710787
    2211 15500670457
    2212 15515531737
    2213 15516664897
    2214 15521219167
    2215 15521265577
    2216 15534924397
    2217 15552952687
    2218 15553120477
    2219 15566859937
    2220 15571251247
    2221 15576681217
    2222 15589722217
    2223 15596898127
    2224 15599430937
    2225 15600114697
    2226 15603143317
    2227 15604300417
    2228 15627409657
    2229 15630214417
    2230 15630877387
    2231 15633471307
    2232 15643162807
    2233 15661027507
    2234 15667436497
    2235 15667670647
    2236 15676192657
    2237 15702268987
    2238 15722066947
    2239 15722919127
    2240 15723943507
    2241 15733380067
    2242 15734081257
    2243 15740649637
    2244 15745034017
    2245 15752998897
    2246 15782129257
    2247 15804330667
    2248 15810343177
    2249 15843776227
    2250 15854801857
    2251 15876320347
    2252 15881641327
    2253 15889548667
    2254 15893694907
    2255 15898454977
    2256 15908643337
    2257 15915832057
    2258 15931477477
    2259 15942004357
    2260 15951901237
    2261 15965215027
    2262 15967145137
    2263 15975270667
    2264 15977047897
    2265 15979414807
    2266 15987691537
    2267 15993384217
    2268 16007371267
    2269 16010284177
    2270 16014360487
    2271 16021711957
    2272 16036882777
    2273 16047626587
    2274 16053799117
    2275 16054984987
    2276 16058300887
    2277 16071248647
    2278 16096571077
    2279 16110414907
    2280 16119108277
    2281 16120054117
    2282 16130357137
    2283 16139811967
    2284 16149634087
    2285 16164753037
    2286 16165208947
    2287 16187963917
    2288 16190830207
    2289 16192422007
    2290 16234063117
    2291 16245369307
    2292 16262564947
    2293 16274638477
    2294 16279424797
    2295 16281094717
    2296 16304166157
    2297 16319120677
    2298 16329044437
    2299 16332310987
    2300 16339496347
    2301 16367223277
    2302 16367606527
    2303 16369860037
    2304 16375440997
    2305 16377873427
    2306 16402123807
    2307 16420899487
    2308 16421490637
    2309 16425844987
    2310 16448580217
    2311 16479774667
    2312 16482530287
    2313 16487536057
    2314 16520570317
    2315 16531602667
    2316 16560158887
    2317 16572724237
    2318 16584864547
    2319 16589574637
    2320 16603386967
    2321 16603969087
    2322 16609822627
    2323 16612497607
    2324 16616668417
    2325 16621861297
    2326 16629107767
    2327 16636751767
    2328 16638150157
    2329 16644122767
    2330 16655925817
    2331 16656838267
    2332 16694431207
    2333 16695088297
    2334 16700275297
    2335 16707654697
    2336 16718700277
    2337 16739471377
    2338 16739885287
    2339 16756818427
    2340 16757302687
    2341 16759090207
    2342 16781189977
    2343 16794911587
    2344 16799911477
    2345 16811176507
    2346 16818363967
    2347 16818906817
    2348 16824692317
    2349 16826964097
    2350 16830641407
    2351 16832065837
    2352 16832384197
    2353 16839123937
    2354 16847032117
    2355 16884176707
    2356 16884531607
    2357 16889014267
    2358 16899560257
    2359 16901674957
    2360 16924982017
    2361 16939616917
    2362 16958757577
    2363 16961539867
    2364 16964865007
    2365 16967043547
    2366 16969836337
    2367 16973388067
    2368 16980564187
    2369 16994686057
    2370 16998435187
    2371 16999164097
    2372 17005254307
    2373 17025702427
    2374 17028535747
    2375 17032498657
    2376 17041689097
    2377 17073087667
    2378 17078012587
    2379 17080138837
    2380 17084091247
    2381 17106128437
    2382 17121236257
    2383 17130703687
    2384 17139254257
    2385 17143176637
    2386 17166103177
    2387 17181170047
    2388 17194677667
    2389 17205041587
    2390 17207490397
    2391 17213649907
    2392 17219386897
    2393 17221439227
    2394 17225901097
    2395 17249338357
    2396 17258655847
    2397 17258930317
    2398 17275800247
    2399 17276784517
    2400 17282016457
    2401 17287086067
    2402 17301348007
    2403 17302755637
    2404 17312399047
    2405 17318014447
    2406 17337617107
    2407 17338131397
    2408 17341113187
    2409 17346314257
    2410 17351187307
    2411 17366843437
    2412 17390336137
    2413 17395396297
    2414 17399334847
    2415 17412196507
    2416 17413065487
    2417 17444923747
    2418 17447978617
    2419 17482619377
    2420 17489051677
    2421 17501851177
    2422 17509988047
    2423 17518598677
    2424 17551894177
    2425 17569875217
    2426 17572903627
    2427 17577408127
    2428 17581456297
    2429 17599982287
    2430 17606989987
    2431 17615813977
    2432 17624103307
    2433 17624500837
    2434 17627123947
    2435 17647585507
    2436 17648325127
    2437 17652676747
    2438 17667104167
    2439 17670596887
    2440 17696567167
    2441 17702768257
    2442 17710883287
    2443 17731849897
    2444 17734494637
    2445 17736110797
    2446 17737391377
    2447 17752239217
    2448 17762340637
    2449 17764022527
    2450 17768876677
    2451 17771948137
    2452 17801831137
    2453 17818095847
    2454 17824030447
    2455 17825122027
    2456 17830460227
    2457 17844913897
    2458 17848330597
    2459 17872138717
    2460 17895983377
    2461 17897426077
    2462 17901281677
    2463 17916264127
    2464 17920235227
    2465 17928292297
    2466 17930170117
    2467 17938139617
    2468 17942136127
    2469 17945444047
    2470 17969643817
    2471 17972338327
    2472 17997731107
    2473 18002751577
    2474 18008196457
    2475 18013104997
    2476 18017795557
    2477 18034749907
    2478 18040995097
    2479 18079334167
    2480 18084266017
    2481 18091469437
    2482 18091535587
    2483 18113700037
    2484 18115209517
    2485 18124203187
    2486 18127241047
    2487 18129235837
    2488 18130653127
    2489 18133637647
    2490 18136421197
    2491 18148194007
    2492 18156322897
    2493 18162720127
    2494 18179779687
    2495 18195990217
    2496 18206131117
    2497 18220737247
    2498 18230929807
    2499 18246762757
    2500 18260945107
    2501 18269326837
    2502 18296803237
    2503 18302535607
    2504 18306465757
    2505 18308267557
    2506 18335161837
    2507 18343154647
    2508 18345289087
    2509 18348630187
    2510 18349859107
    2511 18352925947
    2512 18367166887
    2513 18367240597
    2514 18377381917
    2515 18385454947
    2516 18402206227
    2517 18414131287
    2518 18419391577
    2519 18423481327
    2520 18423607327
    2521 18424457407
    2522 18452276737
    2523 18464237497
    2524 18484123237
    2525 18486247597
    2526 18495229927
    2527 18495502297
    2528 18498414157
    2529 18505705567
    2530 18519273667
    2531 18553563307
    2532 18554809447
    2533 18566401027
    2534 18575683657
    2535 18597764947
    2536 18613735237
    2537 18618141457
    2538 18625366927
    2539 18627644797
    2540 18630796897
    2541 18633470617
    2542 18640491757
    2543 18648034117
    2544 18658885237
    2545 18662910307
    2546 18674023717
    2547 18681269137
    2548 18683417647
    2549 18691600507
    2550 18693210787
    2551 18726415567
    2552 18729582577
    2553 18734087287
    2554 18740973607
    2555 18753554707
    2556 18772792387
    2557 18786994267
    2558 18804411877
    2559 18807114577
    2560 18811943737
    2561 18824246797
    2562 18848938177
    2563 18858998227
    2564 18872925427
    2565 18887219707
    2566 18891294127
    2567 18896008837
    2568 18913140007
    2569 18921900577
    2570 18935082697
    2571 18959642617
    2572 18969257887
    2573 18970977787
    2574 18984083467
    2575 18997061257
    2576 18998353597
    2577 18999774247
    2578 19012786687
    2579 19020076627
    2580 19037722927
    2581 19038901237
    2582 19054583617
    2583 19063628527
    2584 19079918437
    2585 19084747807
    2586 19091667307
    2587 19107516007
    2588 19112061037
    2589 19117055047
    2590 19148173477
    2591 19151577157
    2592 19158885787
    2593 19175029327
    2594 19193330407
    2595 19231880737
    2596 19236060577
    2597 19239436747
    2598 19241037577
    2599 19247651317
    2600 19250863267
    2601 19251530647
    2602 19254425287
    2603 19272801127
    2604 19276589737
    2605 19285499407
    2606 19292487157
    2607 19311752347
    2608 19322849797
    2609 19336389967
    2610 19336557337
    2611 19347031927
    2612 19347391237
    2613 19377230767
    2614 19386889927
    2615 19391686537
    2616 19401410377
    2617 19408846267
    2618 19418213527
    2619 19428251737
    2620 19451774467
    2621 19453532167
    2622 19470968047
    2623 19474695127
    2624 19476354967
    2625 19477220167
    2626 19510242877
    2627 19523453767
    2628 19528138027
    2629 19539301417
    2630 19549328077
    2631 19561454317
    2632 19572282127
    2633 19589336017
    2634 19598530867
    2635 19599122437
    2636 19608686677
    2637 19609329907
    2638 19617472867
    2639 19637639377
    2640 19647017557
    2641 19650531067
    2642 19661338507
    2643 19662831817
    2644 19664825347
    2645 19666264477
    2646 19668413197
    2647 19671630607
    2648 19711928767
    2649 19712134357
    2650 19728149797
    2651 19741326877
    2652 19743183277
    2653 19763338867
    2654 19776152647
    2655 19781685097
    2656 19812966907
    2657 19820395027
    2658 19837985257
    2659 19839002077
    2660 19839395827
    2661 19858052647
    2662 19869428977
    2663 19870274857
    2664 19870697377
    2665 19871732047
    2666 19911112927
    2667 19918795147
    2668 19924534027
    2669 19925135047
    2670 19936126027
    2671 19940433967
    2672 19958722237
    2673 19963290157
    2674 19967389357
    2675 19970213437
    2676 19993575307
    2677 19997494327
    2678 19998834127
    2679 20011833547
    2680 20014236367
    2681 20015594227
    2682 20029444147
    2683 20034088507
    2684 20042810647
    2685 20060797567
    2686 20060902567
    2687 20072707087
    2688 20075535577
    2689 20078035837
    2690 20078410267
    2691 20080242097
    2692 20089087297
    2693 20098434607
    2694 20099447647
    2695 20119275217
    2696 20133927547
    2697 20137811917
    2698 20141256127
    2699 20149164307
    2700 20151338017
    2701 20173873537
    2702 20191054057
    2703 20196675127
    2704 20220869017
    2705 20221449877
    2706 20236981477
    2707 20241833317
    2708 20263871977
    2709 20271768607
    2710 20276487937
    2711 20283010327
    2712 20288800657
    2713 20307230887
    2714 20310930457
    2715 20314098517
    2716 20315804137
    2717 20330995117
    2718 20335301797
    2719 20350575517
    2720 20351748997
    2721 20381374747
    2722 20387846107
    2723 20396485927
    2724 20398464127
    2725 20424213697
    2726 20431389607
    2727 20443406437
    2728 20443680067
    2729 20450804107
    2730 20451338767
    2731 20496942997
    2732 20498049697
    2733 20508370777
    2734 20509255297
    2735 20513084227
    2736 20515509727
    2737 20520768127
    2738 20524121197
    2739 20532243367
    2740 20550932107
    2741 20581614997
    2742 20582376037
    2743 20589673327
    2744 20601906877
    2745 20605318957
    2746 20613449107
    2747 20620285447
    2748 20635843297
    2749 20649228487
    2750 20657311387
    2751 20662201657
    2752 20670687127
    2753 20673863797
    2754 20679023077
    2755 20680197397
    2756 20688930667
    2757 20696301667
    2758 20706233407
    2759 20716161997
    2760 20716815937
    2761 20728881907
    2762 20729804647
    2763 20731917247
    2764 20735491867
    2765 20737140157
    2766 20740765597
    2767 20742216487
    2768 20744496667
    2769 20746342147
    2770 20759098177
    2771 20760297907
    2772 20777776837
    2773 20781488587
    2774 20806779937
    2775 20829601687
    2776 20842654237
    2777 20870233117
    2778 20902395247
    2779 20912850307
    2780 20913607987
    2781 20948350597
    2782 20957186347
    2783 20970888007
    2784 20977365037
    2785 20979141637
    2786 21004731817
    2787 21008198917
    2788 21011894077
    2789 21015878617
    2790 21025750507
    2791 21048589687
    2792 21052605307
    2793 21068303017
    2794 21073315717
    2795 21080686717
    2796 21117257797
    2797 21127808827
    2798 21137029087
    2799 21142289797
    2800 21159162457
    2801 21191658067
    2802 21202192717
    2803 21205334737
    2804 21215808067
    2805 21217968127
    2806 21221652367
    2807 21225379447
    2808 21246601627
    2809 21259442917
    2810 21268514077
    2811 21283720807
    2812 21297805927
    2813 21336167257
    2814 21384658567
    2815 21397794697
    2816 21406308097
    2817 21412214767
    2818 21450571267
    2819 21455744197
    2820 21464769367
    2821 21485099887
    2822 21503271187
    2823 21505893037
    2824 21508205347
    2825 21508905697
    2826 21523317367
    2827 21523617877
    2828 21541310377
    2829 21553444807
    2830 21594003787
    2831 21619279597
    2832 21627171817
    2833 21629513947
    2834 21648226417
    2835 21651309847
    2836 21656266267
    2837 21660345517
    2838 21669012637
    2839 21669255187
    2840 21670841317
    2841 21702106957
    2842 21728318317
    2843 21742336867
    2844 21754196407
    2845 21754640977
    2846 21759232207
    2847 21763123297
    2848 21775173517
    2849 21776576737
    2850 21803123047
    2851 21804318577
    2852 21805017457
    2853 21811189987
    2854 21838341517
    2855 21869918167
    2856 21885495757
    2857 21887193607
    2858 21901766137
    2859 21925855867
    2860 21944811517
    2861 21954144337
    2862 21961279927
    2863 21965443387
    2864 21968818507
    2865 22003079167
    2866 22006081957
    2867 22010438617
    2868 22010737027
    2869 22032984427
    2870 22065935527
    2871 22081236757
    2872 22092117907
    2873 22100094547
    2874 22100886667
    2875 22129107097
    2876 22130160457
    2877 22133420707
    2878 22139675137
    2879 22148424157
    2880 22154596897
    2881 22162960987
    2882 22166658247
    2883 22168491337
    2884 22176630727
    2885 22177539817
    2886 22188479767
    2887 22190565487
    2888 22192514287
    2889 22210556647
    2890 22236646837
    2891 22241427277
    2892 22247638867
    2893 22255816477
    2894 22265768797
    2895 22271489827
    2896 22283070907
    2897 22285327777
    2898 22306236847
    2899 22308863107
    2900 22316135197
    2901 22320495007
    2902 22320645157
    2903 22327935727
    2904 22335464857
    2905 22339480057
    2906 22339737307
    2907 22340337907
    2908 22358790397
    2909 22367190607
    2910 22386093547
    2911 22400494927
    2912 22413505057
    2913 22417790107
    2914 22433570557
    2915 22435977997
    2916 22441274407
    2917 22444220077
    2918 22447366297
    2919 22485115057
    2920 22547109577
    2921 22550212957
    2922 22560820687
    2923 22570463677
    2924 22582828897
    2925 22608151327
    2926 22610096137
    2927 22613888107
    2928 22624651867
    2929 22641177187
    2930 22648819087
    2931 22676398177
    2932 22676603347
    2933 22680547777
    2934 22700064967
    2935 22700726677
    2936 22723118767
    2937 22733058697
    2938 22740141157
    2939 22745260117
    2940 22750590757
    2941 22776753397
